Matrix:
Matrix:
Matrix:
Matrix:
Matrix:
(-0.581187,0.894952) (-0.259781,-0.871491) (-0.801057,0.970058) (0.0607929,0.216947) (0.650419,-0.0343346) (-0.220049,0.510026) (-0.68877,-0.520372) (0.828391,0.448657) 
(-0.0836308,0.603442) (-0.704311,0.347669) (0.232953,-0.285809) (0.151905,-0.114979) (-0.553433,-0.830317) (0.651184,-0.56422) (0.0913848,-0.0795172) (0.479722,0.57522) 
Matrix:
Matrix:
(0.643209,0.763793) (0.49075,-0.388117) (-0.0606647,-0.223562) (-0.269747,0.420089) (0.464374,0.854501) (0.359329,-0.512326) (0.712576,-0.880842) (0.0651894,-0.0176036) 
(-0.501546,0.227618) (0.120152,-0.208554) (0.104287,0.111666) (0.341312,-0.0752783) (-0.0405914,0.767358) (-0.497224,-0.167801) (0.96618,0.892508) (0.0997528,0.10371) 
Matrix:
(0.863082,-0.629836) (-0.0305018,0.895461) (-0.691147,-0.358927) (-0.760099,0.397725) (0.265475,-0.0296482) (0.366052,0.636453) (0.173594,-0.00287766) (-0.483004,0.439508) 
(-0.654609,0.801243) (0.218071,0.711242) (-0.717072,0.195112) (0.39684,-0.550988) (0.265926,0.806357) (0.144713,-0.989682) (0.208264,-0.277007) (0.623896,-0.216468) 
(0.662656,-0.88964) (0.95889,-0.272526) (-0.206527,-0.820358) (-0.026724,-0.291724) (0.616563,0.981642) (0.638946,0.298918) (0.528745,-0.514919) (-0.591691,-0.778198) 
(-0.429701,-0.184985) (-0.130776,-0.998295) (0.0455635,0.174673) (-0.823601,0.362371) (0.558936,0.258017) (-0.0363072,-0.606676) (-0.904635,-0.247377) (0.298348,-0.367445) 
(0.688531,0.185689) (0.694503,0.715891) (-0.231237,0.247127) (-0.886574,-0.404931) (-0.0446698,-0.454687) (-0.0400457,0.624337) (0.672158,-0.21443) (0.296344,-0.325208) 
(0.740175,-0.719298) (0.601822,-0.0527839) (0.357759,0.040955) (0.16404,0.441265) (0.517231,0.0747465) (-0.0527992,-0.788185) (0.473836,-0.627335) (-0.729564,-0.566899) 
(-0.227022,-0.555357) (-0.1001,0.805197) (0.804697,0.226127) (0.939618,-0.801439) (-0.658181,0.30628) (0.501372,-0.283696) (-0.349906,0.215661) (0.268548,-0.923149) 
(0.622124,0.287829) (-0.920439,-0.961951) (-0.107302,0.890008) (-0.868581,-0.117303) (0.731766,-0.648278) (0.850306,0.687056) (0.670513,0.740613) (-0.928484,-0.478056) 
(-0.015728,0.0473506) (-0.970838,0.463742) (0.653109,-0.813274) (0.784822,0.666985) (0.122674,0.916027) (0.991978,-0.818903) (0.369831,-0.0451966) (0.23225,0.686751) 
(0.632335,0.381862) (-0.98853,0.851287) (0.334118,0.441119) (0.39333,-0.600469) (0.159443,0.150827) (-0.645508,-0.870986) (0.217405,-0.316946) (-0.756903,-0.60905) 
(0.759935,-0.739194) (-0.809301,0.982264) (-0.362798,0.56108) (0.323783,-0.128423) (-0.950977,-0.354703) (0.59361,0.403984) (0.701789,-0.754516) (-0.604155,0.814141) 
(-0.392233,0.629476) (0.519077,-0.948687) (0.128861,0.277573) (0.353393,0.818991) (-0.100008,-0.432789) (-0.493785,0.984564) (-0.310652,0.769968) (0.40327,-0.434929) 
(0.580155,-0.228979) (-0.86209,0.817009) (-0.440058,0.891886) (-0.938275,0.63744) (0.420782,0.645442) (-0.912757,0.7021) (-0.58527,0.0137016) (0.28959,0.462309) 
Vector:
(-0.362056,-0.545322) (-0.0888302,0.956446) (-0.472258,-0.383974) (-0.161256,-0.826513) (0.0555296,-0.968179) (-0.338322,0.737603) (0.348661,-0.214115) (0.388063,0.344635) 
(0.501525,-0.474832) (0.702589,-0.490212) (0.581527,-0.651894) (-0.102348,0.875259) (-0.28505,-0.230701) (-0.799052,-0.613289) (0.227407,-0.0347262) (-0.302487,0.902497) 
(0.939265,-0.646031) (-0.424262,-0.405963) (-0.636546,-0.767613) (0.13153,-0.0114205) (0.534982,-0.55633) (-0.664353,0.154616) (-0.0626528,-0.265057) (0.586179,0.308532) 
(-0.76103,0.981704) (0.704562,-0.70287) (-0.56546,0.0190518) (-0.369405,0.986533) (0.618351,-0.482534) (-0.064315,-0.292649) (0.596401,-0.451653) (0.896181,0.628277) 
(0.493263,-0.558004) (0.776607,-0.136924) (0.0060245,0.882387) (0.413084,0.404084) (0.920627,-0.0379565) (-0.354252,-0.147955) (0.865257,0.52386) (0.0348615,0.422434) 
(0.679898,-0.85855) (0.138623,-0.757343) (-0.962504,-0.125876) (-0.504223,-0.918739) (0.389647,-0.812897) (-0.0936554,-0.70926) (-0.29219,-0.568846) (0.826603,-0.0147282) 
(0.105544,-0.195279) (0.17324,-0.387279) (-0.0907845,-0.45016) (0.635141,0.51533) (0.78613,-0.484829) (-0.958771,0.436844) (-0.349388,-0.714565) (-0.202018,0.617858) 
(-0.640846,0.915827) (-0.832984,-0.714569) (-0.379582,0.0944702) (0.841987,-0.434561) (-0.162486,-0.133316) (0.58714,0.972446) (-0.399322,-0.31339) (0.246512,0.00791029) 
(0.334522,-0.189602) (0.563471,-0.120997) (0.473349,0.369258) (0.907983,-0.0211543) (0.298238,-0.692522) (0.737063,0.114827) (-0.104191,-0.712744) (0.32342,0.318467) 
(-0.212133,0.147285) (-0.988911,0.853093) (-0.288493,0.456997) (-0.275945,-0.574134) (-0.273348,0.756601) (0.534977,0.00641383) (0.652736,0.828951) (0.261685,-0.176507) 
(0.427131,0.574277) (-0.368466,-0.953765) (0.496315,0.12554) (-0.593291,0.219247) (0.325373,0.307262) (0.622456,0.742144) (-0.8496,-0.251751) (-0.87246,0.521157) 
(-0.275319,-0.108199) (-0.0853356,0.0321892) (-0.367431,0.616724) (-0.0214175,0.687574) (0.652256,0.0802392) (-0.714801,0.0432087) (0.614045,-0.395473) (-0.957549,-0.36101) 
(0.990599,0.270118) (-0.171263,0.163701) (0.24702,-0.050605) (0.349505,-0.323985) (0.556691,-0.365597) (0.325054,0.899142) (0.245692,-0.972857) (0.94389,0.347319) 
(-0.0976816,-0.888571) (-0.116578,-0.960025) (-0.281111,0.959173) (0.377322,-0.0382129) (0.836471,0.760952) (0.130378,-0.566356) (0.0179379,0.730205) (0.842315,0.833446) 
(0.684684,-0.981287) (0.682772,0.294348) (-0.204358,-0.47054) (-0.670119,0.105643) (-0.707116,-0.260384) (0.407475,0.139237) (-0.133424,-0.423047) (-0.207803,0.512213) 
(-0.367768,-0.638559) (-0.249263,-0.517923) (-0.553935,0.265328) (0.153994,-0.722498) (-0.0644993,-0.296653) (-0.833662,-0.282467) (-0.905189,-0.494181) (-0.527717,0.858813) 
(0.371176,-0.848587) (-0.368653,0.894148) (0.396331,0.752544) (0.809152,-0.287254) (0.693445,-0.247161) (0.397962,0.466882) (-0.840042,0.33902) (-0.809604,-0.910704) 
(-0.871497,-0.799239) (-0.674257,0.887901) (0.900709,0.183747) (-0.956763,-0.266461) (-0.385975,0.0413488) (0.858737,0.666297) (0.662271,-0.742129) (0.379288,0.573506) 
(-0.875577,-0.0513669) (-0.548023,-0.449312) (-0.245451,0.886107) (-0.395996,-0.232195) (0.472629,-0.609738) (0.368466,0.854604) (0.132703,-0.151589) (-0.685938,-0.570042) 
(-0.731519,0.287364) (-0.362264,-0.646555) (-0.54683,0.912097) (0.865189,0.781377) (0.622769,-0.82979) (-0.294554,0.988862) (0.48426,-0.0318794) (-0.929685,-0.254451) 
(-0.28063,-0.764984) (0.584483,0.395197) (0.941496,-0.10766) (-0.0278021,0.021427) (-0.507334,-0.893175) (0.254993,0.511853) (0.975393,0.496051) (0.0127516,0.179874) 
(0.357008,-0.0539477) (0.595653,0.440195) (0.609164,-0.696688) (-0.229031,-0.0721787) (-0.0934854,-0.487178) (0.735523,-0.8258) (-0.907052,-0.296195) (-0.142558,0.568328) 
(0.865115,0.99437) (0.998081,-0.743751) (-0.206839,-0.527822) (0.339492,-0.224179) (0.692622,0.871078) (0.0490963,-0.373453) (-0.540846,-0.113094) (0.827924,0.0688278) 
(0.556778,0.878256) (0.605515,0.431941) (0.0363051,-0.814398) (0.658294,0.73004) (-0.4539,0.659207) (0.341056,-0.881514) (0.343308,0.186131) (-0.604898,-0.176424) 
(-0.174922,0.566629) (0.24806,-0.931657) (-0.403009,0.321271) (-0.555751,-0.107731) (-0.061523,-0.853272) (0.80674,-0.807655) (0.0495988,-0.761019) (0.833723,-0.832754) 
(0.360111,0.783109) (0.957142,-0.101605) (0.534047,-0.767596) (0.350878,-0.17636) (-0.373563,-0.500407) (0.17693,0.930832) (0.0664125,0.319337) (-0.210261,-0.538934) 
(0.432149,-0.0597356) (-0.233076,-0.424018) (0.756904,0.49834) (-0.815252,-0.794273) (0.103633,-0.291907) (0.937924,-0.93275) (-0.557475,-0.358006) (-0.80548,-0.717472) 
Vector:
(0.91431,-0.263517) (-0.70065,-0.351718) (0.305581,0.917899) (0.0192487,0.756387) (-0.444563,-0.833775) (0.277842,0.792077) (-0.050265,0.237617) (-0.479318,0.968084) 
(-0.0370801,-0.527697) (-0.645184,0.854817) (0.935359,-0.693943) (0.771594,-0.358769) (-0.257788,0.0907538) (-0.774979,-0.726148) (-0.613522,-0.855433) (0.753586,-0.994147) 
(-0.0236578,0.49499) (-0.0753413,-0.992158) (-0.382411,-0.709075) (0.510719,0.506424) (0.863378,0.835024) (-0.609391,-0.819717) (-0.979147,0.122937) (-0.926277,-0.540206) 
(0.453726,0.167087) (-0.966565,0.808753) (0.00780197,0.793384) (-0.730509,0.229639) (0.269139,-0.0560639) (0.862829,-0.0164247) (-7.70915e-05,0.871788) (0.621674,-0.180729) 
Vector:
(-0.467052,0.225051) (-0.577639,-0.542475) (-0.747637,0.62181) (0.614033,-0.565139) (0.874583,0.300882) (0.00529615,0.874269) (0.324605,-0.831235) (-0.0206217,0.0315434) 
(0.660431,0.56383) (0.709927,-0.517859) (0.519774,-0.714767) (0.431956,0.867087) (-0.755364,-0.743897) (0.967193,0.210621) (-0.477928,0.808954) (-0.33197,0.193462) 
(0.68828,-0.316652) (-0.599631,0.256618) (0.0470245,-0.238073) (-0.437482,0.350752) (0.40312,0.506869) (-0.796023,-0.80795) (0.640003,-0.312057) (0.516305,0.849292) 
Vector:
(0.755806,-0.761809) (-0.263676,0.126375) (-0.37804,0.869359) (0.69011,0.671628) (-0.356606,-0.694674) (0.148147,-0.565434) (0.289851,-0.108993) (0.70829,0.758163) 
(0.294028,0.924919) (0.606904,0.915691) (0.758404,-0.541228) (0.572344,0.184993) (0.936581,0.0642889) (-0.0463132,0.149907) (0.19796,-0.157723) (-0.262785,-0.786855) 
(0.109079,0.596441) (0.85828,0.790291) (0.835437,0.955267) (0.465645,-0.919978) (0.675661,0.792748) (-0.357363,0.0729074) (-0.445122,-0.205492) (-0.0725148,0.872496) 
(-0.814207,-0.999753) (0.0297183,-0.649767) (0.569584,0.759981) (-0.452324,0.0596424) (0.739417,-0.947232) (-0.709579,-0.449124) (-0.329811,0.0108233) (-0.56142,-0.676609) 
Vector:
(-0.185384,0.0924146) (0.226059,0.326124) (0.0302782,0.645769) (0.107268,0.768943) (-0.236614,-0.316177) (0.614422,-0.568387) (-0.574465,0.704578) (0.440696,0.673035) 
(-0.808803,-0.920708) (-0.195223,0.59779) (0.00384698,0.364904) (0.571633,-0.205644) (-0.484091,0.902672) (0.736207,0.0397634) (-0.779989,-0.081277) (-0.00416178,0.598004) 
(-0.526124,-0.463651) (-0.228193,-0.254814) (-0.648441,-0.533819) (0.683259,-0.202988) (0.281562,0.573461) (-0.0538884,-0.00796589) (0.887154,-0.0515306) (-0.916854,0.475599) 
(-0.215997,-0.643148) (-0.574163,0.879186) (-0.192703,0.626593) (-0.628002,0.173442) (0.161695,0.624645) (0.596163,-0.106135) (-0.163167,0.0885437) (0.367547,-0.961687) 
(0.0451822,0.101086) (-0.473937,-0.024895) (0.968931,0.0545716) (0.259114,0.246847) (0.925039,0.819946) (-0.670205,0.1702) (0.88911,-0.216813) (0.410141,-0.313218) 
Vector:
(0.131824,0.168778) (0.913071,0.227877) (-0.537969,-0.478042) (0.899876,0.066897) (0.081201,-0.0138808) (-0.909309,0.53097) (0.584807,-0.720068) (0.766251,-0.940397) 
(-0.244831,0.784272) (0.304598,0.0768494) (0.142017,-0.277478) (-0.74737,0.275673) (0.295499,0.380409) (0.526466,-0.292122) (0.505577,-0.286937) (-0.976662,0.762684) 
(-0.871865,0.573903) (0.883674,-0.289379) (0.52584,-0.240393) (-0.397279,0.54319) (-0.69414,0.545478) (-0.981984,0.157268) (-0.0587184,0.418085) (-0.0652146,0.529185) 
(-0.859837,0.10265) (0.48553,-0.0550499) (-0.071377,-0.616088) (0.0164951,-0.539274) (-0.901392,-0.582863) (-0.655443,0.0377238) (-0.785269,-0.207373) (-0.79573,0.0196206) 
(-0.443362,0.935336) (-0.816887,-0.532755) (-0.164147,0.140133) (0.62599,-0.264314) (0.434783,-0.42048) (-0.14618,0.225896) (-0.144375,0.503746) (-0.276191,-0.143235) 
Vector:
(-0.138603,-0.0855904) (-0.71576,-0.420741) (-0.40214,0.820897) (-0.10404,0.0815764) (-0.852416,-0.00378186) (0.663385,-0.461998) (-0.536483,-0.422564) (0.874381,-0.693323) 
(0.83606,0.0111481) (0.851466,-0.586068) (-0.647876,-0.445354) (0.385301,0.980602) (-0.767567,0.50428) (0.331249,-0.827999) (-0.276699,-0.340857) (-0.15054,0.052222) 
(0.601207,0.762221) (0.545477,-0.30015) (0.571461,0.792993) (0.763817,-0.433185) (0.656044,0.0907652) (-0.594245,-0.532616) (0.532306,0.916672) (-0.0612374,-0.623498) 
(-0.462385,-0.403186) (0.00651058,0.773796) (-0.315161,0.144475) (-0.758765,0.219291) (0.999951,-0.922164) (-0.485587,-0.464104) (-0.496517,-0.446717) (0.670493,0.795474) 
(0.0942615,-0.288542) (-0.740683,-0.0163689) (-0.563204,0.720107) (0.996566,0.648663) (-0.68466,0.982591) (0.414863,-0.058668) (0.3935,-0.319988) (0.634071,0.496815) 
Vector:
(0.947297,0.531653) (-0.172563,-0.150597) (0.385267,0.682082) (-0.947947,-0.0351084) (0.142569,0.639561) (-0.655274,0.00506043) (0.990886,-0.707368) (-0.836858,0.695444) 
(0.859056,-0.308054) (-0.106988,-0.446971) (-0.481728,0.313945) (0.0651152,0.677133) (0.75215,-0.605649) (0.026802,0.515561) (-0.558841,-0.0238041) (-0.226419,-0.0742264) 
